0
0
0 379 453
0
1 3682
1
1
2 31
2 1838
2
2
3 41 124 194 587 847 849 981 3649 3984
3
3
3
3 3976
3
3
3
3
3 188 249 257 310 341 354 397 566 825 916 957 961 1172 2154 2209 2267 3340 3480 3706 3730 3755 3913 3951 4153 4159 4230 4260 4318
3 395 530
3 6
3
3
3 179 748 3326 3454 3622 3775 3875 4266
3 4528
3
3
3
3 88
3
3
3 415 4040
3
3
3 1071 4368
3 88 169 184 191 225 264 279 397 480 557 717 768 911 953 990 2324 2740 2872 3048
3 96
3
3 568
3
3 797 3790 3877 4268
3 60
3
3
3 41 88 560 2367 2908
3 37 384 595 686 935 1020 1223 3022 3225 3638 3718 4350
3
3
3 2999 3217 3930
3 53 415 3923
3
3
3
3
3
3
4
5 146 194 1495
5
6
6
6
6 132 3333
6
6
7
8
8
8
9
10 239 426
10
10
10
10
10
10
10
11
12
12
12 497
12
12 4523
12
12 31 358
12 32 75 103 112 155 173 210 257 367 384 453 488 562 631 752 816 818 857 916 922 1121 2202 3271 3416 3608 3642 3649 3723 3816 3874 3903 3950 3952 4199 4532
12 90 257 3753
12 945 1286
12
12 370
13
13 214
13 1702
13
13
13
13 258 347
13
13
13
13 143 289
13
13 2992
13
13
14 31
14
14
14
14
14
14
14
14
14
14
14
14
14
14 51
15 20 125 169 282 364 474 1034 1381 2612
16 515
16 2929
16 248 346 884 1223
18
18
18 118 596 606 628 986 2294 2353 3225 3641 3666 3828 3968
18
18
19 31
19 37
19 629
19 1793 3540
19
19
20
20 114 116 201 235 292 368 397 461 499 1012 1266 1528 3006 3050 4107
20
20
20
20
20 3973
20
20 200 351 464 3296
20 868 4162
20 825 1278
20
20 3352 3846
21 3857
21 37 332 660 3258
21
21 2439
21
22
22
23
23
23
23
23 736 4170
24
24
24
24 97 4241
24 1203 3597 3651
24
24 642 2087
24
24 970 1934 3225
24
24
24
24 393 540
24
24
24
24 339
24
25
25 64 72 98 168 185 199 212 246 333 342 363 390 392 569 574 587 597 601 616 711 728 729 747 768 782 796 800 827 850 869 876 937 958 1015 1080 1087 1093 1102 1121 1137 1142 1173 1176 1411 1452 1618 1673 1803 2071 2098 2317 2629 2671 2784 2881 3042 3194 3216 3394 3435 4457
25
26
26
28
28
29
30
30
31
31
31
31
31 278
31
31
31
31
31
31
31 258
31
31 39
31
31 64
31
31
31
31
31
31
31
31
31 131
31
31
31
31
31
31 339
31
31 736
31
31
31
31
31
31
31
31
31
31
31
31
31
31
31
31 600
31
31
31
31
32
32
32
32
32
32
32 3848 4353
32 3542 4036
32
32
32
32
32
32
32
32
32 3060
32 3771 4345
32
32
32
32
33 3726
34 2494 2611 3125
34 125 616 2611
34 4060
34 892
34 698 3840 3950 4351 4426
34
35
35 47 523
35
35
35
35
36 4532
36
36
37 47 3184
37 498
37
37 67 159 197 244 381 421 464 606 613 706 1010 1039 1058 3113 3359 3417 3517 3575 3580 3905 3951
37
37 72 175 199 601 686 935 3517
37 51 235 318 454 535 706 727 1179 1223 1583 2809 3406 3517 3651 3900 3905
37
37
37
37
37
37 4109
37
37
37 59 486
37
37 365 748 1105 1115
37 427 926 1107 2731 2950 3132 3175 3926
37
37
37 298 411 652 897 1019
37
37 3274 4516
37 2870
37
37
37
37
37 3544
37 64 368 397 729
37
37
37
37 51 117 397 526 594 1165 3642
37 3048
37
37 727
37
38
38
38
38
38
38
39
39
39
39
39
39
39 100 1108 2081
39 805
39
39
40
40
40
40
40 544 3355
40 2856 4066
41
41
41
41
41
41
41
41 3311 3944
41 75 3267 3676
41 3847 4291
41
41 95
41
41
41 3371
41
41
41
41
42
42
42
43 469 1253 3860
43 258 3677 3984
43 1175
43 1206 2518 3502 3759 3813 4532
44
45 193
45
45 3678
45
45 1695
45 142 616
46 4388
46
46 89 498 502 782 1172 2042 3355 3517 3978 4441
46
46
46 97 555
46
46 3805 4053
46
46
46
46
46
46 88 359 748 3075
46 3414 4242
46 106 981
46 4441
47 4171
47
47
47
47 411 876 2298 2392 3063 3132 3220 3373 3613 3897
47
48 85 131 346 534 2929
49
49
49 1157
49 4394
49 168 3180 3202 4531
50
50
50
50
50
50
50
50
50
50 310
50
50
51 388 2415
51
51
51
51
51 503 702 3126 4229 4315
51 665 1064 3272
51
51
51
51
51 2819
51 116 308 312 3217 3729 4052
51 1165
51
51
51
51 184 298 4072
51 875
51 130
51 52
51
51
51
51
51
51
51 3153
51 748
51 64 622 935 944 958 2202
51 298
51 3699
51
52
52 3053
52
52
52
52 616 818 935 4124
52 199 449 2447 3274
52 3050
52 710
53
53
55
55 121 210 263 349 365 383 449 667 900 1630 2505 2506 3676 3804 3960 4441
55
56
56
56 446 984 2972
57
57
57
57
57
58
58 397 782
58
59
59
59
59
60
60
60
60 105
60
60
60
60
61
61
61
61
62
62 127 528 847 902 3109 3564 3976 4086
62
62 88 528 874 888 4019
63
63 3978 4070
64 152
64
64 214 428 507
64
64 635
64
64
64 482 2854
64
64 1165 1258 1570 3748
65
66
67 4268
67
67
67 902
67
67
67
67 112
67
67
67 874 3156
67 112 759 957 1649 3768 4194
67
68 136
69
69
69
69
69
69
69 260
69 328 3828
69 118 238 458
69
69
70
71
71
71
71 106 3555 4242
71
71
71
71 1973
71
71
71
72 332 386 631 750 4213 4250
72
72 323
72
72
72 332
72
72
73
73 1140 3011
73
73 263
73
73
73 933
73 210 277
74
75 1307 3420
75
75
75
75 299 1188
75 1074
75
75
75
75
75 578 833 3045
75
75
75 127 825 3694 3979
75
75
75
75 164 235
75 122
75 189
75
75
75
75 189 990 3809
75
75
75
76
77
78 197
78
79
79
79
79
79
79
79 252 3068
80
80 229 646 698
81 131 1321 2160
81
81
81
81
81 105 388 601 836 4100
81 485
81
81 116
81 515
82
83
84 692
84 2223 2475
85 411 3003
85
85
85
85 125 184 562 4203
85
85 313 530
85 332 556
85
85 3098
86
86
86
86
86
86
86 118
86
86 3647
86 413 593 3755
86
86
86 331 3932
87
88 131 190 314 323 362 396 577 2895 2960 3065 3707 3869
88
88 4122 4164 4216
88
88 4378
89
89 677
89
90 1107 1145
90 198
90
90
91
92
92 954
92 594 954
92 594 954
92 594 954
92 369 663 760 1027 2144
92 594
92 594
92
92 594 650
92 594
92
92 3171
92 3070
92 2516
92 731 2516
92 441
92 441
92
92
92 2304 3046
93
94
94
94 116 2054 3493 3505
95 1007 1164
95 115
95 498 4162
95 1001 4518
95 3954
95
95
96
96
96
96
96 423 748 1223
96
96 3940
96
96 168 249 3272 3558
96
97
97 3681
97 3656
97 611
97 125 129 194 606 748 847 866 1012 3690 3854
98
98
98
98 253 374 628 2611 3138 3391 3750
99
99
99 131
99 131
99 168 794 971 1152 1308 3451 4171
99 131
99 131
99 802 2294 2854 3285
100 922
100
100
101
101 991
102
102
104
104
104
104
104
104
104
105
105
105 3043 4216
105
105 3856 4347
105
105
106
106
106 168
106
106
106
106
106
107 530 603
107 207
107
107
107
108 191 214 258 283 548 761
108
108 242 245 350 452 766 826 922 948 1004 1034 1174 1257 1287 1652 3472 3475 3501 3502 3555 3557 3578 3647 3733 3798 3826 3882 3893 3949 3978 4090 4218 4237 4248 4253
109
110
110 382 390 429 445 565 617 777 1058 2692 3005 4522
111 322 2337 4041 4159
111
111
112 3877 4216
112
112
112
112 3282 3993 4031
112 706 4109
113
113 996
114
114 707 784 2006
114
114
114
114 819
115 383 3289
115 3954
116
116 727
116
116
116 1012 2523 3302
116
116
116
116 224 3458
116 277 359 574 4164
116 4441
116
116 875 1034 4438 4446
116
116
116 384 607 3684
116
116
117
117 2072
117 665 3355
117 696
117
118
118 3645 3805
118
118
119
120
120 374 569
120
120 2692
120
120
120
121
121
121
121 178 451 464 596
121 3307
123
123
123
124 677
124 616
124
124 184
124
124
124
125
125
125
125 279 672
125 436 4441
125 235
125 3340
126
126
126
126
126
126
126
126
126
126
126
126
126
126
126
126
126
126
126
127
128
128 2493
128 370 1034 4520
128
128
128 945
129
129
129
130
131
131
131
131 370 1012
131
131 3560
131 168
131
131
131
131
131
131
131
131
131
131 3532
131
131
131
131
131
131
131 726
132
132
132
132
132
132
132 3025 3967
132 588
132 3114
132
132
132
132
132
132 274
132
132
132
132
132
132
132
132
132 884
132
132
132
132
132 305
132
132
132
132
132 310
132 242
132
132
132
133
133
133
133
133
134
134 736 4314
134
134
134 255
134
134
134
134
135
136
136
136
136
136
136
136
137
137
137
138
138
138 379
138
139
139
139
139
139
139 817
139 782 1724
139
139
139 468 869 870 2571 4159 4169
139
139
139
139
139 140
139
140
140
140
140
140
140 226 1023
141 553 984 3682
142
143
143
143
143 594 3070
144
145
145
146
146 1030
146
147
147
147
147
147
147
148 397 2611 4520
148
148 488 589 3422
149 3045
149 3960
149 397 3729
149
150
151 1129
151
151
151
151
151
151
151
151
151
151
151 270 466 794
151
151
152
152
152
152
153 3762
155
155
155
156
157 657 1821 2332 4163
157
157 323 363 390 631 1483
158
158
159
159 503
159 278
159
159
159
159
159
159
159
159
159
159 569
159
159 2545
159
159
159
159 336
159
159
159 408
159
160
161 252 369 633 1064 4191
161
161
161
161
161
161
162
163
163
164
164
164
165
167
167
168
168
168
168
168
168 453 1044
168
168 508 1076 1293 2749
169
169
169 316 3396
169
169
169 4119
171
171
171
171
171
171
171
171
172
172
172 201
172
172 847
172 3538 3618
173
173 252 3321
174
174
174
174 416
175
175 2397
175
175
175
175
175
176
176
176
176
176
176
176 2977
177
177
178 2213
178
178 260
178
178 1220
178
178 280 769 817 1060 1226 1995
179
179
180
180
180 757 2440
180 1905 2087 2089
181 4042
181
181
182
183
183 1013
183 188
184
184
184
184
184 2710
184
184
184
184 480
184
185
185 825
185
185 419 524 786 3416
185 577
185
185
185
185
185 279
185
186
186
186 637 982
186
186
186 763 3025
187
188 4159
189 756 2787 3441
189
189
189
189 971
189
189
189 611 916 3272
189
189 1070
189
189
189
189
189 697
189 375 669 743 797 1329 2413 3296 4264
190
190
190
190
190 502
190
191
191
191
191
191
191
191
191
191
191
192
192
192
192
192
192
192
192
193
193 194 439 1323
193
193
193
193
193
194
194
195
196
197 406
197
197
197
197
197
197
197 277
197 549
197 1034
197
197 3414
197
198
198
198
198
198
198
198
198
198
198
199 1524 3185
199
199 3025
199
199 359 487 540 1091 4304 4364
199
199 991
200 3410
200
201
201
201 822 2684
201 232 279 630 826 986 1088 3762
201
201 464 777 797 1189 1772
201 611
201
201 518 547 2017 3132
202 1223
202
202
202
202
202
203
204 3711
204
204
205
205 4356
205
205 2813 3686
205 984
206
207 3712
207
207
207
207
207
208
208 3751
209
210
210
210 566
210 2779 2905 4314
210
210
210
210
210
210
211
211
211
211
211
211
211
212 743 782
212
212
212 488 743
213
213 255
213
213
213
213
213
213
213
214
214
214
214
215
216 2317 4085 4203
216
216
216
217
218
218
219
219 1924 1937
220
220
220 3175
220
221
221
221
221 3826
221 3853
221
221
221
221
221
221 360
221
222
222 1720
223 4069
223
224 382
224
224
224
224 382
227
227
228
229 888
229
229 3404
230
230
231
231
232
232
232
232
232
232
232
232
232
233 3321
233
233
233
233 332 2893
234
234
235 305 326 2493 2898 2950 4163
235 864
235 1602
235
235
235 4078
235
235
235
235 692 3422 4388
235
235
238
238
238
238 408
238
238 3217
239 1021
239
239
239
240
241
242
242
243
243
243
243
243
243
243
243
243
243
243 567 1046 2934
243
243
245
245
245 606 789 933 2555
245
245
246 595
246
246
247 1408
248
248 594 650 731 3070
249
249
249
249
249 2444
249 530 729 820 3262 3734
249 706
249
249 416 477 615
249
249
249 3648
249 4069
250
251
252
252
252
252
252
252
252
252
252 369 4191
252
252 3258
253
253
254
254
254 838
254 2698
255
255
255
255
255
256
256
256
256
257
257
257
257 639 1042 1724 1939 2792 3227
258
258 347 348 3045
258
258 555
258
259
259
259
259 928 3331 3487 4113
259
260 370
260
260
260 1103 4041
260
260
260 616
261
262
262
262
262
262 2904
263 266 424
263
263
263
263
263
263
263
263
263
263
264 3025
264
265
265 3053
265
265 306 947 1981
265
266
267
267 285 547 883
267 725 779 1021 2999 3645 3765 4070
268
268 339 627
269
269
269
270
270
270 379 855 4339
270
270
270
270
270 1149
270
270
270
270
270 911
270
270
270
270 283 375 2280 3185 3777
270
270
270
271
271 1914
271
271 426
272
272
273 3402
273
273
273
273
274 3608
274
274
274
274 3252 4441
274
274
275 305
276 371 2370 2630
276
276
276
276
276
277
277
279
279
279
279 3999
279
279
279
279 606 1093
279
279
279
279
279 3645
279
279 1559
279
279
279
279 477 825
279
279 314 421 436 459 524 847 3442 4054 4242 4258
279
279
280
281
281
281
283 1815 2129 2245 2468 3637 3919
283 1129
283
283 3043
283
283
283 332 3508 3649
283
283
283
283
283 426 455 729 739 990 1096 2180
284
284
285 723 3184 3774 4010 4336
285
285
285 716
285 3092
285
285 716
285
285
285 1224 1445
285
286
286
287
287
287
287
287
287
287
287 871
287
287
287
287 297 606 3359
287
288
288
289
289
289
289 3359 4116
289
290
292
292
292
292 379
292
292
293
294 508
294
295
295
295
295
295
295
295
295
297 351 4060
297 474
297 1292 3631
297 3802
297
297
297
297 2757 2938
297
297
298 302
298
298 897 2920 3080
299 384 639 829 1992 2780 3019 3060 4365
299 2584 3558
299
299
299
299
299 2711
299
300
301
302 338 414 1203
302 726
302 849
302
302 453 4364
302
302
303 326 416 503 591 595 616 4357
303
304 3258
305 3681
305 324 1259 2388 3552
305
305
305
305
306
306
306
307
308
310
310
310
310
310
310 458
311
311 925
312
312
312
312 2210
313 3053
314
315 419
316
316
316
316
316
316
316
316
316
316
316
316
316
316
316
316
316
316
316
316
316
318
318
319
320
321
321
321
322 2323 4063
322 845 3293
322 1034 3951
322
323
323 4120
324
325
326
326 4227
326
326
326
326
326
328
328
329 1974 3025
329 408 592 735 1599 1906 2423 2505 2671 3592 4533
329
330 2789 3125 3244
332
332
332
332
332
332
332
332
332
332
332
332
332
332
332
332
332
332 4052
332
332
334 693
334
334
334
335
336
336 3902
336 528
336 3745
336
336 1156
337 652 922 2112 2506 3849
337
337
337
337 1277 1723 2708 3889
338
338
339
339
339
339
339
339
339
339
339
339
339
339
339
339
339
339
339
339
339
339
339
339
339
339
339
339
339
339
339
339
339
339
339
339
339
339
339 2767
339
339
339
339
339
339
339 1170
339
339
339
339
339
339
339
339
339
339
339
339
339
340
341 1268 4388
341
341 2279
341 884 1180 3459 3745
341
341 916 1286 3578
341
341
341
341
341 550 916
341 587 677 867 1264 2898
341
341
343
343
344
344
344
344
344
344
345
345
348
348
348
348 3894
348
348
348
348
348 416
348
349
349
349
349
349
351
351
351
351
351
351
351 2992
351 453 916 957 1578
351
352
352
352
352
352
352
352
352 2854 4216
353
353 771
354
354
354
354 4249
354
354
354
354
355
357
359
359 616 3665
360
360
361
361
361
361
363 508 759 990 1022 2669 3487
363
363 367
363
365 916
365
366 3268
367
367 568 652 986 2063 3598 3946
367
367 1028 1922 2110 3717
367 468 639 1042 1149 1280 1426 1724 1892 1939 2096 2194 2312 2644 2764 2792 2968 3096 3227 3536 3642
367
367 748 3465
367
367
368 2639 2703 3021
368
369 595 652
369 1223
369
369
369
369
370
370
370
370 3605 3764 3847
370
370
370
370
370 2798
370
372
372
372 3491 3492 3851
373
374 498 670 2519 2567
374
374 582
374
374
374
374
374 560 3809
375
375 4352
375
375
375 1174 3599 3755
375
375 3258
375 706 1560 2496 2977 3462 3589 3951
376 1840
377 737
378 847 1172 3242 3430 4313
379 4077
379 2907
379
380
380
381
381
382
382
382
382
383 615 1184
383
383 806 2697
383
383
383
384
384
384
384
384
384
384
384 2273 3880
384 732 1173 3448
384 616
384 818 935 3564 3874
385
387
387 4368
388
388
388 476 1323 3422 4285
388
388
388
389
389
389
389
389 3468 3850
389
389
390
390
390
390
390
390
390
390
391
392
393
393
393
393 2854
393
393
393
393
393
393
393
393
393
393
393
393
393
393
393
393
393
394 3482
394 451
394 1309 2338
394 1105 3262
395
395 530
395 530
395 530
395
395
395
395
395
395 530
395 530
395 530
395 530
395 530
395 1404
396
397
397
397
397 3731
397
397
397
397
397
397 4146
397
397 1429 2819
397
397
397
397
397
397
397 629
397 1023
397
397
397
397
397
397
397
397
397
397
397
397
397
397
397
397 1174
397 2425 2722
397 3406
397
397
397
397
397
397
397
397
397
397 2210
397 3757
397 3482 4007
397
397
397
397 3595
397
397
397
397 2711
397
397
397
397
399
399
399
400
400 746 3272
401
401 746
401
401
402
402
402
402
402
404 530 1164 2253
404
404 3416
404 982
405 2021 2111 3492
405
405 1413
405 3148
405
405 1306
405 1230 2111
405 3918
405 1729
405 1153 1271 3492 3851
405 1276 3491 3851 3920
405
405 1365 1498 2413 3225
406
406
406 4158
407 3340
408 2394
408
408
408 487 3080 4069
408 724 3080
408
408
408
408
408
408
408
408
408
408
408
408
408
408
409 4100 4123
409 474 2249 2252 2833 3723
409 4258
409
409
409
409 4123
409
410
410 2351
410
410 521
410
410
410
410 1088
411 608
411 487 528 580 3050
411
411 888
411 643
411
411
411
411
412 811
412
412
412 529
412
412
412
412
412
412
412
412
412
412
412
413
413 4327
413
413
413
413 875 3916
413
413
413
413
414
414
414
415
416
416
416
416
416
416 1165 1832 1859 3131
416
416
416
416 4317
417
418
419
419
419 2920 4234
419
419
419
419
419
419
419
419 3978
419
419
420
420
421
421 2779
421
421 706 1223
421
421
421
422 2308
423
423
423
424 530
424 3486
424 3883
424
424
424
424
424
424
424
424
424
424
424
424
425
426
427
429 3813 3923
429
429
429
430
430
430
430 1074
430 875 1074
430
431
431
432
433 3440
433
433
433 1520 2238
433
433
433
433 1177 3600
434
434
434
434
435 2634 2838
436
436
436 675 1086 4007 4026
437
438
438
439
439
440
441
441
441
441
441 594 954
441
441
442
442 1034
443
443
443
444
445
445
445
447
447
447 1841
447
447
447
447
447
447
447 2616
448
449
449 631
449
450
450
450
450
451
451
451
451
451
452
452
452
453
453 4159
453
453
453
453
453
453 3994
453
454
456
456
456
456
456
456
456
456 2272
456
456 1217
456
456
456
456
456
457
458 991
458
458 3279
458
459 703 2595 3175
460
461
463
464
464
464
464
464
464 693
464
464
466 4003
466
466 3269
466
466
467
468 926
469 563 884
469 945 984 1035 1144 1998 2659 2676 2868
471
471
472
472
473
473
473 4472
473
473
473
473
474
474
474
474
474
474
474
474
474 1171
475 4184
475
475 488
475
475
475
475
475
475
475
476
477
477 818 3940
477
477
477
477
477
477
477
477
477
477
477
477
477
477 782
477
478
480
482 898 4126
482
482 1256 3351 3883
482
483
484
485 3000
486 777
486
486
486
486
486
487
487
487
487
487
487
487
487
487
487
487
487
487 803
487
487
487
487
487
487
487
487
487
488
488 743 864 1015
488
488 743
488 743 1015
489 3164
489
490 4344
490
490
490
491
491
491
491
491 3615
491
491
491
491
491
491
491
492
492
493
493
494
495 808
496
496
497
497
497
497
498
498
498
498 3709
498
498 3950
499 968
500
500
501
501
501
501
501
501
502
502
502
502
502
502
502
502
502
502
502
502
502
503
503
503
503
503
503
503
503
503 4109
503
503 935 3874
504
504
504
505
505
505 971 1128 2621 3801
505
506
506 1039 3411 3578 3753 3883 3908 4324
507
507
508
508
508 3356 3541
508 3233
508 1151
508
508 606
508
508 794
509
509 1164
509
509
509
510
510
510
510
510
510 3816 4007
510
510
510
510
510
510
511 1361
512
513 769
513
514
514
515
515
515 562 936 3543
515
515
515 1144 1291
515
515
516
517
518
518
518
518
518
518
519
520 2911
522
522 2375
522
522
522
522
522
522 935 3044
522
523 1028 1104 2309 3192
524 3542
524
524
525
526
526 3608
526
526
526
527
527
527
527
528
528 1091
528
528
528
528
528
530
530 959
530
530
530
530
530
530 2324
530
530 1279 3641
530
530
530
530
530
530 3753 3860
530
530
530
530 4372
530 4250
530 1049 4052 4120 4250
530
530
530
530
530
530
530
530
530 4372 4404
530
530
530
530
530
531
531
531
531
531 2249 4100
531
531
531
531
532
535
535 995 2466
535
535
536
536 991
538
540
541
541
541 3413
541
541
541
541 674 1985
542
542
543
543
544
544
545 2346
545
545 599 657 2317 3274
546
546 615
546
546
546
546
546
546
547
547
547 3370
547 2348
547
549
549
550 611 711 846
550
550
550 765 2083
550
551
551
553
554 1186
555
555 3098
555
555
555
556 1067
556
556
556
557
557 3742
558
559
559
559
559
560
560
560
560
560
560
560
560
560
560
560
560
560
560
560
560
561
561
562
563 3557
563 4020
564 577 4363
564
564 956 3978
565 2239
565
566
566
566 4409
566
566
566
566 3962
567
567
567 1671 2695
567
567
568 1424 3803
568 3217
568
569 595 3274
569
569
569
569
569
569
570
572 2753 3463
574
574
574
574
574
574
574
575 1179 4024
575 4171 4187
575
575
575
575
576
576
576
576 3287
576
576
576
576 996
576
577
577
577 3914 4165
577
577
577
577
577
578 1071
579 615
580 4274
580
580
580
581
582
582 867 1395
582 2112 2786
582 2087
582 1191
585
586
586
587
587 3847 4203
587
588
589
589
589
590
590
590 1146
590 2301 2523 3258
591 4174
591
591
592
592
592
592 2056
594
594
594
594 1395 3617 4060
594
595
595
595
595 3054 3632 3873 4172
595 849 874 3233 4111
595
595
595 602
596
597 2916
597
597
597
598
599
600
600
600
600
600
600
600 861
600
600
600
600
600
600
600
600
600
600
600 3043
600
600
601
601
601
602
602
602
602
602
602
602 637
602
602
602
602
602
602 3284
603
603
603
604
605
605
606
606
606 926 933 1013 2705 2761 3020 3175 3635 4053 4235
606
606
606
606
606
606
606
606
606
606
606
606
606
606
606
606
606
606 748
607 4381
608 936
609
609
609
609
609
609
609
609
609 1887 2518
609
609
609
611 4007
611
611
611
611
611
611
612
612
612
612 2406
612 2406
612 1884 3416
612
613
613
613
614
614 617 4053
614
614 3526
615
615
615 2789 3343 3558
615
615
615
615
615
615 2999 3828
615
615
616
616
616 718 4373
616 2437
616
616 637 1396 2437
616 1014 1177 3606
616 1014 1177 3606
616 1014 1177 3606
616
616 951 4053 4160 4373
616
616
616
616
616
616
616
616 4070
616
616
616
616
616
616
616 3848
616 2150 3772 3847 4520
617
617 837 3724
618
618
618
618
618
620
621 3945
621
621 1682 2681 3419
622
623
624
624
625
628
628
628
628
628 3271
629
629
629 3132
630
631
631
631
631
631
632
634
635
635
636
637
637
637
638 3022
638
638
638
639
639
639 1042 1724 1939 2792 3096 3227 3582 3583 3584 4527
639 1042 1724 1939 2792 3096 3227 3582 3583 3584 4527
639 1042 1724 1939 2472 2792 3096 3227 3582 3583 3584 4527
639 1042 1724 1939 2792 3227
639 1042 1724 1939 2472 2792 3227
639 1042 1724 2792 3227
639 1042 1129 1724 1939 2792 3227
641
643 990
643
644
644
645
645
645
645
645
645
645 1009
646
646
646
646
646
646
647
647
647 2089
648
649
649
649
649
649 682 2065 2644 2774 2798 2910
650
650
650
650 690
650 954
650 698 1763 1877
650
650
650
650
650
651 3125 3865
651 1151 3370
651 847
651
651
651
651
651
652
652
652
652
652 3679
652
652 951
652
653
653 4008
653 2456 3306 3642
653
653
654
654
654
654
654 2042
654 951 1274 1292
654
654
654
654
654
656
656
656 3021
656 873 1245 1605 1665 2623 2676 3272 3536
657
657 883
657
657
659 3679
659 706 1004 1052 2629 3899 3975
659
660 3326
660 2642
661
662
663 4351
664
664
664
665
665
665
665
665
666
667
667
667
668
669
669
669 2376
670
670 1107 1192 1223 2950
671
673
674
674
674
674
674
674
674
674
674
674
674
674
674
677
677
677
678
678 1110 1383
680
680 1137 3034
680
681
681
681
681
682
682
682
682
682
682
682
682
682
683
683
684 1551 2073 2312 3861
684 986
685
685
685
686
687
687
687
687 3616
688
689
689
690
690
690 935
690
690
690
691
692 855 971
693 4390
693
693
693
693
693
693
693 771 1524
693
695 1256 2271
696
696
696
696
696
696
696
696
697
697
697
697
697
697
697
697
697
697
697
697
697
697
697
697
697
697
697
697 943
697
697
697
697
697
697
697
697
697
698
698 2776
698
698
698
698
699
700 4312
703
703
703
705
705
705
706
706
706
706
706
706
707
708
708
708
708 2067 2472 3856
709
709
709
709 1182
709
709
709
709
709
709 804
709
709
710
710
710
710
710
710
710
710
710
712
713
714 914
714
715 4441
716
716
717
717
717
717
717
718
718 3113 3764
719 1892
720
721 1272
721
721 989 1047 1700 2159 2253 3334
722
722
722
724
724
725
725
725
725
726
727
727
727 3847
727
727 3883
727
727
727
727
727
728 3130
729 1473 2132 2356 3519
729
729 738 4263
730
730 3375
730 3312 3580
730
730
731
731
731
731
731
733 1462 3045 3960
734
735
736
736
736
736
737
737
738
739
739
739
739
739
739
741
743
743
743
743
743
743
743
743 2642
743
743
744
744
744 884 891 4255
745
745
746
746
746
746
746
746
746
746
746
746
746 4085
746
746
746
746
746
746
747 2753
747
748 3580
748
748
748 1220 2875 3087 3228 3299 3332 4115
748 1193 1858 3431 3456
748
748
748
748
748
748
748
748 2580
749
750
750
750
750
751
751
753
753
753
753
755
756
756
756 879 1115 2687 3618
756
757
758
758
758
758 1232 2646 2749 2834 3226 3351 4060
759
759 879 4342
759
760 1136 1860 2525 4530
761 893
762
763
764
764
765
766 835 2932
766 835 2932
766
766 835
766
766 2539
766
766
766 835 3160
766 835
766 835
766 835
766 835
766
766 835
766 835
766
766
766 835
766 835
766 835
766 835 873 1051 1166 1453 2208
766 835
766 835
766 835
766
767
767
767
767
767
767
767
767
767 1137
767
767
767
767
767
767
767
767
767
767
767
767
767
767 2083
767
767
767 1467
767
767
767
767
767
767 2015
767
767
767
768
768
768
770
770
770
770
770
771
771
771
771
771
771
771
771 1165 2682 2787 2797 3765
771
771
771 1761
771
771
771
771
771
771
771
771
771
771
771
771
771
771
773
775
776
776 1014
776
777
777
777
778
779 3202
779
779
780
780 936 3900
781
781
781
781
781
781
781
781
781
781
781 2058
782 2144
782
782
782
783 963 3623 3873
783
783
783 826 923 978 1151 1186 1206 1265 1268 1653 1917 2116 2837
784
786
786
786
787 4078
788
788
789 797
789
789
789
789
789
790 3182
791
792
792
792
792
792 2030 2710
793
793
794
794
794
794
794
794 1091 4203
794
795
796
796
797 903 3477 3835 4040
798
798
798
798
798
798
799
799
800
800
802 3774
802
802 2540 3039 3279 4373 4416
802
802
804
804
804
805
805
805 807 3296 3467
805
805
805
805
806
806
808
808
810
810
810
813 991
813
816
816
816
816
816
817
817 947
817
817
817
818
818
818
818
818
818
820
820
821
821
822
822
823
823
824
824 1404 2687
824
824
825
825
825
825
825
826
826
826
826
826
826 1917
826
827
827
828
828
829
829 3044 3097 3238 3295
831
831
831
832
832
834
835
835
835 3509
835
835
835 2581
835
835
835
835
836
836
836 4442
838
840 2343 3685 3886 3887 3955 3984
841
842
842
842
842
842
843
844 3404
844
844
845
845
845
845
845 4082 4113
845
847
847
847
847
847
847
847
847
847
847
847
847
847
847
847 895
847
847 3537
847
847
847
847 1034
847
847
847
848
849
849 3048
849
849
849
849
849
849
849 3359 3685
851
851
852 3417 3976
853
855
855
855
855
855
855
855
855
855
855
855
855
855
855 911
856
858
858
858
858
858
858 1848
859
859
859
859
859 3365
859
859
859
859
859
859
859
860
860
861
861
861
861
861
861
861
861
861
861
862
864
864 1211
864
864
864
864
864
864
864
864
864
864
865 3486
866
866 3411 3763 4110
866
866
869
869
870
872 2748 4220
872
872 1565 2152 2850
874
875
875
875
875
875
875
875 3211 3966
875
875
875 4441
875
875
875
875
875
875
876
876
876
876 1138
876 1846 2466
876
877
879
880
880 1755 3094
880
882 2015
882
883
883
883
883
884
884
884
884
884
884 3548
884
884
885
886
886
886
886
886
886
886
886
888
890 2270 3829
890 4109
891
891
892
892
892
892
892
892
893
893
893
894
896
897 968
897
897
898
898
898
900
902
902
902 3721 4096 4290
903
904
905
905
905
905
906
907
908
908
908
910
910 2087 4261
910 2440
910
911
911
911
911
912
912
912
912
912
912
912
912
912
912
912
912
912
912
912
914 2785
914
915
915
915
916
916
916
916
918
918
919
919
920 1064
920
920
920
920
920
920
922
922
922
922
922
922
922
922
922
922 3985
923
925
925
925
925 1092 3508
925
928
928
929
929
929
929
929
930
931
931
931
931
931
931
933
933 1924 3842
933 3925
933 3258
933 3319
933
934
935 3612
935
935
935
935
935
936 1224 3624
936 3050
936 3555
936
936
936
936
936
936
936
938
938
938 1189 1699
940
940
941 3645
942
943
943
943
944
944
944
944
944
944
944 3050
945
946
946
946
946
947
947
947
947
948
948
948
951
951
951
951
951
951
951
951 2096 3306
951
952
952
952
953 2203 2752 3654
954
954
955
956
956
956
956
956
956
957 3994
957
957
957
957
957
957
957
957
957
957
957
957
957
957 3112
957
957 3503
958
959
959
961
961
962
962
963
964
964
965 2851
965
965
966
967
967 3080
968
968
968
968
968
968
968
968
968
968
968
968
968
970
970
970
971
971
971
973
973
973
973
973
973 1090 1649
973
973
974 3599
976
976 3803 4160
976
976 2669
977
977
979 2403
980
981
981
981
981
982
982
982
982
982
982
982
982 1736 2453
982
984
984
985
985
985
985
985
985
986
986 4291
986
986
986
986 4162
986 3938
986
986
986
986
986
986
987
989
989
989
989
989
990
991 3225
991
991 1195
991 3395
991
991
991
992
992
992
993
994
994
995
995
995 3606
996
997
997
997
997
997
997
997
998
999
999
999
1000
1000
1001
1001 3293 3546
1001
1001
1002
1002
1003
1003
1003
1005
1006 2323
1006
1007
1007 3238
1007
1007
1008
1008 2001 2124 2865 3438 3741 3980
1008
1008 1122 2088
1009
1009
1009
1009
1009
1009
1009
1010
1010
1011 4011
1012
1012
1012
1012
1012
1012
1012
1012
1013
1013
1013
1014
1014
1015
1016
1016
1016
1017
1018
1018 2584 3275
1020 3156
1021
1021
1021
1021
1021
1022
1023
1023
1023
1024
1025
1026
1027 2113
1027
1028 2350 3609 3616
1028
1029
1031
1033
1033
1034
1034
1034
1034
1034
1034
1034
1034
1034
1034
1034
1035
1035
1036 2380
1037
1038
1038
1038
1038
1038 1405
1038
1038
1038
1038
1040
1041
1042 3471
1042
1044
1044
1044
1044
1044
1044
1045
1045
1047 2159
1047 1569 3883
1047
1048
1050
1051
1052
1053
1053
1053
1055
1056
1057
1058
1059
1059
1060
1060
1060
1062
1062
1062
1062
1062 2392
1062
1063
1064
1065
1066
1066 4333
1066
1068
1068
1068
1068
1068
1069 1145 2539
1071
1071
1071
1072
1072
1073
1073
1073
1073
1073
1074
1074
1074
1074
1074
1074
1074
1074
1074
1074
1075
1075
1075
1075
1075
1075
1075
1075
1075
1075
1075
1075
1076
1076
1077
1077 1289
1078
1079
1079
1080
1081
1082
1082
1083
1086 1968
1088
1088
1088
1088 2675 2748 3315 3510
1088 2675 2748 3315
1088
1088
1088 2675 2748
1088 2675 2748 3315 3510
1088 2675 2748 3315 3510
1089 2472 3589
1090
1090
1090
1090
1090
1090
1090
1090
1090
1090
1090
1090
1090
1090
1090
1090
1090
1091
1091
1091
1091 3771
1091 4118
1091
1091 2818
1091
1092
1093
1094
1095
1095
1095
1095
1095
1095
1096
1097 3326
1098
1099 2193
1099
1100
1101
1102
1103 1706 2722
1103
1103
1103
1105
1105
1105
1105
1105
1105
1105
1105
1106
1106
1106
1107
1108
1109
1109
1110 3396 3595 3676
1110
1111
1111
1111
1111
1112
1112
1112
1112
1115
1115
1115
1115
1116 2753
1116
1116
1117
1117
1117
1117
1117
1117
1117
1117
1117
1117
1117
1117
1117
1118
1118
1118
1118
1118
1118
1119
1119
1119
1120
1120
1120
1120
1122
1122
1122
1124
1124 1161 1255 2292
1124
1125
1125
1125
1125
1126
1127
1127
1127
1127 4018
1127
1127
1128
1129
1129
1129 1724
1129
1130
1130
1131
1132
1132
1132
1134
1134
1135
1135
1135
1137
1137
1137
1137
1138
1138
1138
1138
1138
1138
1138
1138 2338
1138
1140
1140
1141
1141
1141 3400
1141
1141
1141
1142
1143 3225
1143
1143 1217
1143
1143
1144
1144
1144
1144
1145
1145
1145 3315 3719
1145
1145 3314 3859
1147 3244
1148
1149
1149
1149
1149
1149
1149
1149
1149
1149
1149
1149
1149
1149
1149
1149 3274
1149
1149
1149
1149
1149 3299
1149
1149
1152 1267
1152 1281 1536
1152 1281 1536
1153
1154
1155
1155
1156
1157
1158
1160
1161
1161
1161
1161
1161
1161
1163
1164
1164
1164 3544
1164
1164
1164
1164
1164
1164
1164
1164
1164
1164
1164 1257
1164
1164
1164
1164
1165
1165
1165
1165 2102
1165
1165 2639 3306
1165
1165
1165
1165
1165
1165
1165
1165
1165 1933 4163
1168
1170 4067
1170
1172
1174
1174
1174 2710
1174
1174
1175
1176
1176
1178
1178
1179
1180
1181 1200
1181
1181
1181
1181
1182
1182
1182
1182
1182
1183 1239
1184
1184
1184
1184
1184
1185
1185
1186 4189
1186 2500
1188
1188
1188
1188
1188
1188
1188
1188
1188
1188
1188
1188
1188 3103 3347
1188
1188
1188
1188
1189
1189 1259
1190 3008
1190
1191
1192 2692
1192
1193
1193
1194
1195
1195
1196
1198
1198
1198
1198
1198
1198
1198
1198
1199
1199
1200
1200
1201
1203
1203 1336 1510 1705
1205
1205 2382
1206 4204
1207
1209
1209
1209
1209
1210
1211
1211
1211
1211 2908 3025 4137 4325
1211
1211
1211
1211
1211
1211
1211
1211
1211
1211
1211
1211
1211
1211
1211
1211
1212
1213
1213
1213
1213
1213 1307
1213
1214
1215 1998
1215
1216
1217
1218
1218
1219
1220
1221
1223
1223
1223
1223
1223
1223
1223
1223
1223
1223
1223
1223
1223 3775
1223 3217 3550 3564
1223
1223
1223
1223
1224
1224
1224
1224
1224
1224
1224
1224
1224
1228 3463 3563 3898 3983 4255
1228
1228
1228
1228
1230 1629 3152
1231
1232 1843 3857
1233
1235
1235
1235
1235
1236
1237
1238
1238
1238
1238
1239
1239
1240
1241 1868
1242
1243 3660
1243
1244
1244
1244
1244
1244
1244
1246
1246
1246 2656
1247
1247
1247
1247
1247 3393
1247
1248
1249
1249
1250
1250
1254
1254
1254
1255
1255
1258
1258
1258
1258
1258 4150
1258
1262
1262
1262
1262
1262
1262
1265
1266
1266
1267
1268
1270
1270
1270
1271
1271 1327 3137 3143 3146 3921
1271 1301 3491
1271 1595 1736 3142 3490 3491
1272
1273
1273
1273
1274
1274
1274
1274
1275
1275 2485 3213 3256
1275
1275
1275
1276 1387 1729
1277
1277
1279
1279
1279
1279
1279
1279
1279
1279
1279
1279
1279
1279
1280
1280
1280
1280
1280
1280
1280
1280
1280
1280
1280
1280
1280
1280
1280
1280
1280
1280
1280
1280
1280
1280
1280
1280
1280
1280
1281
1281
1283
1283
1284
1285
1285
1285
1285 1686 2687
1286
1286
1286
1286
1286
1286
1286
1286
1286
1286
1286
1287
1289
1290
1290
1291
1291
1291
1292
1292
1292
1292
1292
1292
1292
1292 4132
1292
1292
1292
1292
1294
1295
1295
1295
1295
1295
1295
1297 1306 1445 1509 1662 2115 3150
1297 3862
1298
1299
1300
1300
1305
1306
1306 1662 3490 3491
1306 1499 3147
1307
1307
1307
1308
1308
1308 2615
1308
1308
1308
1308
1308 3433
1309
1309
1309
1309 1906 3849 4030
1309
1309
1309
1309
1309
1309
1309
1309
1311
1311
1311
1311
1312
1312
1312
1312
1313
1313
1316
1321
1323 4080
1323
1327 1865 2119
1328
1330
1330
1331 1753 1834 4013
1331
1331
1331
1331
1331
1331
1331
1332
1333
1334
1335
1338 2387
1338
1338
1338
1339
1341
1346
1348
1348
1348
1348
1348
1348
1348
1348
1348
1348 2407
1348
1348
1353
1353
1353
1354
1354
1355 1867
1355
1357
1358
1359 2378
1359
1359
1360
1360
1360
1360
1366
1368
1368
1369
1380
1380
1381
1386
1386
1394
1394
1394
1394
1396
1396
1402
1403
1404
1404 2470
1404
1408
1409
1409
1410
1411
1412
1413
1414 3432
1415
1418
1419 2578 4163
1419
1419
1419
1420
1423
1425
1425
1425
1425
1425 3533
1425
1425
1426
1426
1426
1426
1426
1426
1426
1426
1426 3292
1428
1429
1432
1432
1433
1434 3789 4188
1435
1438
1438
1438
1438
1438
1443
1443
1446
1448
1448
1451 3800 4394
1452 1801
1454
1455 2668 2791 3222 3514
1455 1945
1459
1467
1468
1470
1470
1471
1471
1472
1472
1484
1484
1485
1486
1488
1488
1488
1489
1492
1493
1495
1497
1501
1507
1523
1523 2897
1523
1524 3208
1524
1527
1527 1751 2853
1528 2712 2796
1529
1529
1531
1531
1533
1534
1535
1535
1535
1535
1535
1535
1535
1537
1545
1546
1547
1549
1550
1550
1553
1555
1561
1562
1562
1563
1573
1573 4107
1574
1577
1577
1579 3543
1579
1580 1597 2042 3945 4394
1580
1588
1589
1590
1590
1590 3122
1591
1592
1592
1593
1597
1599
1602
1602
1602
1602
1602 2753 2954
1602
1602
1602
1602
1602
1603
1603
1605
1605
1610
1612
1615 3819
1617
1618 2682 3235
1621
1623
1624
1624
1625
1628
1628
1628 3292 3529
1632
1633
1634
1641
1643
1643
1643
1643
1643
1648
1648 3528
1649
1649
1649
1649
1649
1649
1649
1649
1649
1649
1649
1650
1650 2603
1650
1650
1651
1656
1656
1656
1656
1656
1657
1658
1662
1662 2117
1668
1673
1674
1676
1677
1679
1679
1682
1684
1686
1689
1689
1690
1692
1696
1696 1745
1697
1700 2069
1701 3183 3504
1702 1905 2157 2183
1706 2196 3230 3785
1709 3867
1714
1715
1717
1718
1724
1727
1727
1728 2005 2905 3088 3566
1730
1733
1736
1740
1740
1740
1740
1740
1740
1740
1740
1740
1740
1747 3293
1747
1748
1749
1753 2728 2733
1753 2733 2953 3841 4042
1753
1753
1753
1758 2886 3430
1762
1766
1768
1768
1768
1770
1770
1770
1777
1779
1780
1780
1780
1780
1780
1780
1780
1780 3190
1780
1782
1783
1783
1783
1787 3057
1793
1793
1796
1800
1803
1803
1803 2807
1803
1803
1803
1804
1804
1804
1804
1804
1804
1804
1804
1804
1809
1809
1809
1809
1810
1810 1841
1814
1815
1819
1819
1822
1823
1823
1823
1823
1823
1825
1825
1827
1829
1830 4057
1830 3604
1830
1831
1832
1832
1834
1835
1835
1835
1836
1836
1836
1836
1837
1837
1838
1838
1840
1840
1841
1841 1842
1841 1842
1841
1842
1845
1845
1845
1846
1847
1851
1852
1852
1853
1853 2852 3423
1858
1860
1862
1862
1862
1862
1862
1862
1862
1864
1865
1866
1866
1866
1867
1873
1874
1878
1878
1879
1881
1881
1882
1883
1884
1884
1884
1884
1885 3126
1890
1893
1898
1900
1902 3617
1904
1905
1906 2208 2828
1908 1974
1908
1909
1910
1913 2367
1915
1918
1920
1921
1922
1923
1923
1923
1923
1923
1924
1928
1931
1932
1934 3175
1936
1938
1943 1959
1943
1944
1945 2221 2822 3552
1949
1949 3643
1950
1951
1951
1951
1954
1955 3370
1964
1966
1966
1966
1966
1967
1968
1971
1974
1985
1985
1986
1987 4365
1988
1989
1989
1989
1989
1989
1992
1993
1994
1996
1996
1996
1996
1996
1996
1996
1996
1997
1998 4009
2000
2001
2003
2005
2010
2013
2015
2016
2018
2026 2737 2958
2029
2029 4200
2030
2031
2031
2033
2035
2035
2040
2042 2404 3828 3985 4404
2042
2042
2042
2043
2043
2047
2051 2133
2051
2053
2053
2054
2055
2055
2055
2058
2058
2058
2058
2059
2059
2061
2063
2064
2064
2064 2779
2065
2066
2066
2066
2068
2071
2071 2825
2072
2072
2074
2074
2077
2079
2080
2080 2743
2081 2424
2082
2084
2084
2084
2087 2723
2087 2090
2087
2089
2091
2091
2091
2092
2092 3352
2092
2094
2095
2097 3330
2098
2098
2099
2100
2102
2103
2103
2103
2105 2954
2106
2108
2109
2109
2110
2110
2113 2682
2121
2126 2150
2127
2130
2132
2136
2138 3486 4163
2143
2144
2144
2146 3319 4086
2147
2147
2151
2153
2155
2155
2155
2155
2156
2156
2158
2161
2161
2161
2161
2161
2162
2163
2165
2165
2166
2166
2174
2176
2177
2179 2272
2181
2183
2185
2188
2188
2188
2189
2194
2194
2194
2196
2199 3021
2200
2200
2200
2201 3211 3383
2201
2201
2201
2202
2202
2202
2202
2202
2202 3906
2204
2206
2213
2213
2213
2214
2217
2221
2221
2222
2226 3945
2228
2230
2231
2233 2701
2236 2831
2237
2239 2323 3084
2239
2239
2241
2242
2248
2248
2248
2249 4100
2250
2250
2250
2250
2250
2250
2251
2251 4100
2251
2252
2254 2895
2256
2260 3346
2261
2268
2268
2271
2273
2273
2273
2277
2277 3573
2277
2280
2280
2282
2282
2283
2289
2290
2290
2290
2293
2294
2294
2297
2298
2301
2305
2305
2306
2306
2307
2308 3899
2309
2309
2309
2312
2312
2313
2313 3375
2315
2316
2318
2318 2528
2319
2319
2319
2319
2319
2321
2321
2323
2323
2323
2323
2324
2324
2324
2324
2326
2326
2326
2326 3039
2327 3034
2327
2330
2330
2330
2333 4374
2333
2335
2336
2336
2342
2342
2342
2342
2342
2343
2343 4322
2343
2344
2345
2345
2346
2346
2346
2346
2346
2346
2347
2347
2349
2350
2351
2352
2352
2352
2354
2355
2355
2357
2357
2359
2360
2360
2360
2361 3023
2361 2587
2362
2364
2367
2367
2367 2958
2369
2369
2369
2369
2372
2373
2374
2375
2375
2375 3727
2375
2375
2375
2375
2375
2375
2376
2376
2377 3517
2377
2379
2380
2382
2382
2382
2382
2385
2386
2387
2390
2392 3466
2394
2394
2394
2396
2397
2397
2398
2398
2399
2399
2399
2400
2400
2400 3586
2400
2400
2400 4494
2401
2401
2401
2402
2402
2402
2403
2403
2403
2404
2404
2405
2405 3210
2407
2407
2407
2407
2407
2407
2409
2412
2413
2413
2414
2414
2416
2417
2422
2422
2422
2422
2423 3281
2423
2425
2425
2427
2427 3542
2427
2427
2432
2435
2436 3931
2436
2436
2436
2437 4376
2438
2439
2439
2439
2439
2439
2439
2440
2440 3862
2441
2443
2443
2443
2443
2443
2444
2445
2445
2447
2447
2447
2447 3581
2451
2451
2451
2452
2452
2452
2453
2453
2453
2453
2455
2455
2456
2456
2457 3262
2460
2460
2460
2461
2461
2461
2462
2462
2466
2466
2466
2466
2466 3659
2466
2466
2467 3436
2468
2469
2469
2472
2474
2474
2479 2681
2482
2484
2487
2488
2490 2898 3135
2493
2493
2493
2495
2496
2496
2496
2496
2496
2496
2496
2496
2496
2496
2496
2496
2496
2496
2496
2496
2496
2496
2496
2496
2496
2496
2496
2496
2496
2496
2496
2498
2499
2500
2500
2500
2503
2503
2504
2505
2505
2505
2505
2505
2505 2523
2505
2505
2505
2505
2505
2505
2505
2505
2505
2505
2505
2505
2505
2505
2505
2506
2506
2506
2506
2506
2506
2506
2507
2507
2507
2507
2507
2508
2509
2509
2509
2509
2511
2513
2514
2515
2516
2516
2516
2516
2517
2518
2518
2518
2518
2518
2519
2520
2521
2521
2524
2525
2527
2528
2528
2528
2528
2529 2995 2996 2997 3427
2529
2530
2530
2531
2532
2535
2535 2781 3379
2537 2763
2537
2538
2539
2539
2539
2539
2540
2541
2541
2541
2543
2543
2544
2544
2544
2544
2544
2545
2545
2545
2545
2545
2545
2545
2545
2545
2546 2585 2957 2965 3885
2546
2547
2550
2551
2555
2556
2558
2560
2562
2562
2563
2563
2567
2567
2567
2567
2567
2567
2567
2567
2567
2567
2567
2567
2567
2567
2567
2567
2567 3208
2567
2567
2567
2569
2571
2573
2573
2573
2573
2575
2575
2577
2577
2577
2577
2577
2577
2577
2578
2578
2578
2578
2579
2579
2580
2580 3025
2580
2580
2580
2583 3276
2584
2584
2584
2584
2584
2587
2587
2587
2589
2590
2590
2590
2591
2592 3652
2595
2595
2597
2597
2598
2599 3516
2601
2602
2602
2602
2602
2602
2602
2602
2602
2603 2883
2604
2604
2606
2607
2607
2611
2612
2612
2612
2614
2614
2615
2616
2616
2616
2617
2621
2621
2621
2623
2623
2623
2627
2628
2629
2630
2630 3395 4096 4266
2631
2631
2631
2631
2631
2632 2986 3275
2633
2633
2634
2634
2634
2635
2635
2635
2635
2636
2639
2639
2640
2640
2640
2641
2641
2642
2642
2642
2642
2643
2644
2644
2644
2644
2644
2644
2644
2644
2650 2706
2655
2656
2658
2659
2661
2662
2662
2663
2664
2667
2668 3170
2669
2669
2669
2670
2671
2671
2672
2674
2675
2675
2675
2675
2676
2676
2676
2678 4035
2678
2680
2680
2680
2681
2681
2681
2682
2682
2682
2682
2682
2682
2683
2685
2685
2687
2687
2687
2687
2687
2687
2688
2691
2691
2691
2691
2692
2692
2692
2692
2692 3272
2692
2692
2692
2693
2693
2702
2702
2702
2704
2709
2710 3375
2710
2710
2710
2710
2711
2711
2711
2711
2711
2711
2711
2711 3464 3934
2711
2711
2711
2711
2711
2711
2711
2715
2717
2719
2725
2728
2728 2733 4042
2729
2730
2731 3915
2732
2734
2736
2736
2737
2740
2741
2741
2742 3217 3559 3664 3813
2742
2744
2744
2746
2748
2749
2750
2750
2751
2752
2753
2753
2753
2753
2753
2753
2753
2753
2753
2754
2754
2754
2754
2756
2756
2756
2758
2759
2761
2761
2762
2762
2762
2762
2764
2764 2774
2764 3292
2766
2767
2767 2916
2768
2769
2773 3116 3196 3505
2774
2776
2776
2776
2776
2777
2778
2781 3703
2781
2783 2812
2784
2785
2785
2785
2785
2786
2786
2786
2786
2786
2786
2786
2786
2786
2786
2786
2788 4055
2788
2789 2790
2790
2790
2794
2794
2794
2794
2794
2794
2794
2798 4203
2798
2798
2798
2798
2798
2798
2798
2798
2799
2799
2799
2800
2800
2800
2800
2801
2801
2801
2802 3083
2802
2803
2803
2803
2803
2804
2804
2804
2805
2806
2806 3592 4530
2806
2806 2807
2806
2807
2807
2807
2807
2807
2808
2812
2814
2814
2814
2815
2816 3395 4070
2817
2818
2818
2819 2957
2819
2819
2819
2820
2824
2825
2825
2825
2825
2825
2826
2826
2827
2827
2827
2827
2828
2831
2831
2831
2831
2832
2833
2833 4100
2834
2835
2835 3484
2836
2836
2836
2836
2836
2836
2836
2836
2837
2837
2837
2837 4075
2837
2837
2837
2837
2837
2838
2839
2841
2841
2841
2841
2841
2841
2843
2846 2979
2847
2848
2848
2848
2848
2848
2849
2850
2850
2851 3412
2852
2852
2854 3387
2854
2854
2854
2854
2857
2858
2858
2860
2861
2866
2867
2869
2870
2870
2870
2870
2871 2898 3210
2872
2872
2872
2872
2872
2879
2881
2882
2882
2883 3198
2883
2884
2885
2886
2886
2886
2886
2889
2889
2889
2891
2891 4053
2891
2891
2891
2891
2892
2893
2893
2893
2894
2895
2897
2897
2897
2897 3535
2899
2900
2902
2902
2902
2903
2904
2904 3593
2904
2905
2908
2910
2910
2911
2911
2911 3340
2911
2911
2911
2911
2912
2912
2913
2915
2916
2916
2916
2916
2916
2916
2916
2916
2917
2917 3240
2917
2919
2920
2920
2921
2921
2921
2921
2923
2923
2924
2925
2925
2925
2928
2929
2930
2931
2932
2933
2935 3629 3701
2937
2937
2938
2938
2940 3181
2944
2945
2945
2945
2945
2946
2947
2949 3956
2949
2951
2951
2951
2952
2952
2952
2954 4114
2954
2955
2956
2958 3867
2958
2959
2959
2959
2962
2962
2964
2967
2967
2967
2967
2967
2968
2968
2969
2969
2969
2969
2969
2969
2970
2972
2972
2972
2972
2973
2973
2973
2973
2973
2973
2973
2973
2975
2975
2975
2979
2980
2981
2989
2990
2990
2990
2991
2992
2992
2995
2995
2995
2999
2999
2999 3340
2999
2999
2999
2999
3000
3001
3001
3001
3003 3679
3004
3005
3007
3008
3008
3009
3011
3011
3012
3012
3013
3015
3015
3015
3015
3016
3021
3021
3021
3021
3021
3021
3021
3021
3021
3021
3021
3021
3022
3022
3022
3023 3595 4241
3024
3024
3025
3025
3025
3026
3026 3397
3027
3027
3027
3028
3028 3674
3030
3030
3031 3099
3032
3033
3033
3034
3034
3036
3036
3036
3037 3912
3038
3040
3041
3042
3042
3042
3042
3042
3043
3043
3043
3044
3044
3045
3047
3047
3047
3047
3047
3047
3047
3048
3048
3049
3049
3049
3051
3051
3051
3051
3051 3361 3366
3051 3361 3362 3364 3365 3366
3053 3340
3053
3053 3577
3053
3054
3056
3057
3057
3057
3057
3057
3057
3057
3057
3057
3057
3057
3057
3057
3057
3057
3057
3057
3057
3058
3058
3058
3058
3059
3059
3059
3059
3061
3063
3063
3066
3066
3066
3066
3067
3067
3067
3070 3934
3070 3236 3934
3070
3070
3070
3070
3070
3071
3071
3071
3072
3072
3072
3072
3074
3075
3075
3075
3075
3076
3077
3078
3078
3078
3080
3080
3080
3081
3081
3081
3081
3081
3081
3081
3082
3083
3084
3084
3086
3086
3088
3089
3090
3090
3091
3093
3093
3094
3094
3095 3675
3095
3097
3097
3097
3098
3098
3098
3098
3098
3098
3098
3098
3098
3098
3099
3099
3099
3099
3099
3099
3099
3099
3100
3100
3101
3101
3103
3104
3105
3105 3330 3607
3106
3106
3106
3106
3107
3108
3109
3109
3109
3109
3110
3110
3112
3112
3112
3112
3113
3113 3694 3867 3923
3115
3117 3698 4140
3118
3119
3120
3120
3120
3122
3122
3123
3123
3124
3126
3127 3237
3128
3128
3130
3131
3131
3131
3131
3131
3132 4147
3132
3132
3132
3132
3133
3133
3133
3133
3133
3134
3135
3135
3135
3136
3139
3139
3140
3144
3148
3149
3153
3153
3153
3153
3153
3153
3153
3153
3153
3153
3153
3153
3153
3153
3153
3153
3153
3154
3154
3154
3154
3154
3155
3156 4086
3157
3157
3157
3158
3159
3159
3159
3161
3162
3162
3163
3163
3163
3163
3164
3164
3165
3166
3166
3167
3168
3169
3170
3170
3170
3171
3173
3174
3175
3175
3175
3175
3175
3176
3176
3176
3176
3176
3176
3176
3177
3178
3178
3178
3179
3179
3179
3179
3179
3179
3179
3179
3179
3179
3179
3179
3179
3179
3179
3179
3179
3179
3179
3180
3180
3180
3181
3181
3181
3181
3182
3183
3184 3618
3184
3184
3184
3185
3185
3187
3188
3188
3189
3189
3189
3189
3189
3189
3190
3191
3191
3192
3192
3192 4134
3193
3193
3193
3193
3194
3195
3195
3195
3195
3196
3197
3197
3199
3199
3200
3200
3201
3201
3201
3201
3201
3201
3202
3203
3203
3203
3205
3207
3207
3207
3207
3207
3207
3207
3207
3207
3207
3208
3208
3210
3210
3210
3210
3210
3211
3211
3211 3964
3211 3965
3211 3966
3211
3211 4442
3213
3213
3213
3214
3214
3215
3216
3216
3217
3217 3829
3217
3218
3220
3220
3220
3220
3220
3222
3223
3223
3223
3223
3223
3223
3223
3224
3225 3577 3979
3225
3225
3225
3226
3226
3226
3226
3226
3226
3226
3227
3227
3228
3228
3228
3228
3228
3229
3229
3229
3229
3229
3229
3229
3231
3231
3232
3233
3233
3233 3850
3233
3233
3234
3234
3234
3234
3234
3234
3235 3347
3235
3236 3399
3236 3399 4216
3236
3239
3240
3240
3240
3243
3243 4026
3243
3243
3243
3245
3246
3246
3246
3246
3246 3569
3247
3247
3247
3248
3250
3251
3252
3252
3252
3252
3253
3253
3253
3254
3255
3257
3258
3258
3258
3259 3340
3259
3260
3260
3260
3260
3261
3262
3262
3262
3262
3263
3264
3264
3264
3265
3265
3265
3265
3265
3265
3265 3381
3266
3266
3266
3267
3267
3267 4056
3267
3267
3268
3268
3268
3270
3271
3271
3271 3789
3271
3272
3272
3272
3272
3272
3273
3273
3274
3274
3274
3275
3275 4446
3275
3275
3277
3277
3278
3278
3279
3279
3279
3279
3279
3280
3280
3280
3280
3281
3281
3281
3281
3281
3281
3281
3283
3283
3286
3286
3286
3286
3286
3286
3286
3288
3290
3291
3292
3294
3296
3296
3296
3296
3296
3297
3297
3297
3297
3297
3297
3297
3297
3297
3297
3297
3297
3297
3297
3297
3297
3297
3297
3297
3297
3297
3297
3297
3297
3297
3297
3297
3297
3297
3297
3297
3297
3297
3297
3297
3298
3299
3299 3842 3850
3299
3299
3299
3299 3300 3867
3300
3301
3302
3302
3302
3302
3302
3302
3302
3302
3302
3302
3302
3302
3303 4081
3303
3303
3304
3304
3304
3304
3305
3306
3306
3306
3306
3306
3306
3306
3306 3584 3607
3306
3306
3306
3306
3306
3307
3307
3307
3307
3307
3307
3307
3307
3307
3307
3307
3307
3307
3307
3307
3307
3307
3308
3308
3309
3309
3310
3311
3311
3312
3313
3313
3313
3314 4060
3314
3314
3314 4519
3314
3314
3315
3315
3315
3315
3315
3315
3315 3510 3660
3316
3316
3317
3317
3317
3318
3318
3318
3318
3318
3319
3319
3319
3319
3319 4008
3319
3319
3319 3375
3319
3319
3320
3320
3321
3321
3322
3323
3323
3324
3324
3324
3324
3324
3324
3325
3326
3326
3326
3326
3326
3326
3326
3327
3327
3328
3329
3329
3331
3332
3332
3335
3335
3335
3336
3336
3336
3337
3337
3337
3337
3337
3337
3337
3337
3338
3338
3339
3339
3339
3339
3339
3339
3339
3339
3339
3339
3340
3340
3340
3340
3341
3341
3341
3341
3341
3341
3341
3341
3342
3343
3343
3344
3344
3344
3344
3344
3344
3345
3345
3345
3345
3345
3345
3345
3345
3345
3345
3345
3345
3346
3346
3347
3347 3900
3347
3348
3348
3349
3350
3351
3351
3351
3351
3351
3352
3352
3352 3846 4051
3352 3846 4051
3352 3846
3352 3846
3352
3352
3352 3846
3353
3353
3354
3354
3355
3355
3355
3355 3595
3356
3356
3356
3357
3358
3358
3358
3359
3359
3359
3360
3361
3363
3364
3365
3367
3367
3368
3368
3368 4018
3368
3368 4018
3369
3369
3369
3370
3370
3370
3370
3371
3371
3371
3371
3371
3371
3371
3371
3371
3371
3372
3372
3372
3373
3373
3373
3373
3373
3373
3374
3375
3375
3375
3375
3375
3375
3375
3376
3376
3376
3376
3377
3378
3379
3380
3380
3381
3381
3381
3381
3382
3382
3383 3967 4155
3383
3383
3383
3383
3383
3384
3385
3385
3385
3385
3385
3385
3385
3385
3385
3386
3386
3387
3387
3387
3387
3388
3389
3390
3391
3391
3391
3391
3391
3391
3392
3393
3393
3393
3393
3393
3393
3393
3393
3393
3393
3393
3394
3394
3395
3395
3395
3395
3396
3397
3397
3398
3398
3398
3399 3848
3399
3399
3400
3400
3400
3401
3401
3401
3401
3401
3401
3402
3402
3402
3402
3402
3402
3402
3402
3402
3402
3402
3402
3402
3403
3403
3403
3404
3404
3405
3405
3405
3405
3405
3405
3405
3405
3405
3406
3406
3407
3408
3408
3408
3408
3408
3409
3410
3410
3412
3412
3412
3412
3412
3412
3412
3412
3412
3413
3413
3413
3414
3414
3414
3415
3415
3415
3416
3416
3416
3416
3417
3417
3417
3417
3417
3418
3421
3421
3421
3421
3421
3421
3421
3421
3421
3421
3421
3422
3422
3422
3422
3423
3423 4003
3423
3423
3423
3424 3483
3425
3426
3428
3429
3429
3430
3430
3434
3437
3439
3440
3442
3442
3442
3442
3442
3442
3442
3442
3442
3442
3442
3443
3443 3824
3443
3443
3443
3443
3443
3443
3443
3443
3443
3443
3443
3443
3443
3443
3443
3443
3443
3443
3443
3443
3443
3443
3443
3443
3443
3443
3443
3443
3443
3444
3444
3445
3446
3447
3447
3447
3447
3448
3449
3449
3449
3449
3449
3449
3449
3449
3449
3449
3449
3449
3449
3449
3449
3449
3449
3449
3449
3449
3449
3449
3449
3449
3449
3449
3449
3449
3449
3449
3449
3449
3449
3450
3450
3450 4038
3450
3451
3452
3453
3453
3455
3456
3457
3457
3457
3457
3457
3457
3458
3458
3459 4426
3460
3461
3461
3461
3461
3462
3462
3462
3463
3463
3463
3463
3463
3464
3464
3464 3486
3464
3464
3465
3466
3468 3527 3826
3469
3469
3470
3471
3471 3556
3472
3472
3473
3474
3475
3475
3475
3475
3475
3476
3476
3476
3476
3476
3476
3476
3476
3476
3478
3479
3479
3480
3480
3480
3480
3480
3480
3480
3480
3480
3480
3480
3480
3480
3481
3481
3481
3481
3481
3481
3481
3481
3481
3481
3481
3481
3481
3481
3481
3481
3481
3481
3481
3481
3481
3481
3484
3485
3486
3487
3488
3489
3489
3489
3490
3494
3495
3495
3495
3495
3495
3495
3495
3496
3497
3497
3497
3498
3499
3500
3502 4021
3502 4104
3502
3502
3502
3506
3507
3508
3508
3509
3509 3604 4057
3509
3509
3510
3510
3511
3511
3511
3511
3511
3511
3511
3511
3511
3512
3513
3515
3517
3518
3520
3520
3521
3521
3521
3521
3521
3521
3521
3522
3523
3523
3524
3524
3524
3525
3526 4353
3527
3527
3527
3530
3531
3532
3534
3534
3534
3535
3535
3535
3536
3536
3537
3537
3537
3537
3537
3537
3537
3537
3537
3537
3537
3538
3539
3541
3541
3541
3542
3542
3542
3542
3543
3543
3543
3543
3543
3543
3544
3545
3547
3549
3549
3551
3551
3553
3553
3553
3553
3553
3553
3553
3553
3553
3553
3553
3553
3553
3553
3553
3553
3554
3555
3555
3555
3557
3557
3558
3558
3558
3558
3558
3558
3558
3558
3561
3562
3562
3562
3563
3563
3565
3567
3568
3570
3570
3571
3571
3571
3572
3572
3572
3572
3572
3572
3572
3573
3574
3575
3575
3575
3575 4100
3575
3575
3575
3575
3575
3575
3576
3577
3577
3577
3577 3948
3577
3577
3577
3577
3577
3577
3577
3577
3577
3577
3577
3577
3577
3577
3578
3579
3579
3579
3579
3579
3579
3579
3579
3580 4387
3580
3580
3580
3580
3584
3584
3584
3584
3585
3586
3586
3587
3587
3588
3589
3589
3590
3590
3590
3590
3590
3590
3590
3590
3590
3590
3590
3590
3590
3590
3590
3590
3590
3590
3590
3590
3590
3590
3590
3590
3590
3590
3590
3590
3590
3590
3590
3590
3590
3590
3590
3590
3590
3590
3590
3590
3590
3590
3590
3590
3590
3590
3590
3590
3591
3591
3591
3591
3591
3592
3592 4530
3593
3593
3593
3594
3595
3595
3596
3597
3599
3599
3599
3599
3599
3600
3600
3600
3600
3600
3601
3602
3602
3602
3602
3603
3603
3603
3603
3603
3603
3605
3605
3606
3607
3607 4107
3607
3607
3607
3607
3608
3608
3608
3608
3608
3608
3608
3608
3608
3608
3608
3609
3609
3610
3611
3611
3611
3611
3611
3611
3611 4109
3612
3613
3614
3616
3618
3619
3619
3620
3620
3621
3622
3625
3626
3627
3627
3628
3629
3630
3632
3633
3634
3634
3636
3637
3638
3639
3640
3640
3641
3642
3642
3642
3642
3642
3642 3716
3644
3644
3644
3645
3645
3645
3645
3645
3645
3645
3645
3645
3645
3646
3646
3646
3647
3647
3648
3650
3651 4016
3651
3651
3651
3651
3651
3651
3651
3651
3651
3651
3652
3652
3652
3653
3653
3653
3654
3655
3656
3657
3658
3658
3658
3658 3804 4442
3658
3659
3660
3661
3661
3662
3663
3663
3664
3665
3665
3665 3684
3666
3667
3668
3669
3669
3670
3670
3670
3671
3672
3673
3675
3675
3676
3676
3676
3678
3678
3678
3679
3679
3679
3680
3681
3681
3681
3681
3681
3681
3681
3682
3682
3682
3682
3682
3682
3682
3682
3682
3682
3683
3684
3684
3684
3685
3685
3685
3685
3686
3687
3687
3688
3688 4169
3689
3691
3692
3693
3693
3694
3694
3695
3696
3697
3697
3698
3699
3699
3699
3699
3699
3700
3702
3702
3704
3704
3704
3705
3706
3706
3706
3706
3706
3706
3706
3706
3706
3708
3708 3730
3708
3708
3708
3709
3709
3709
3709
3709
3709
3709
3709
3709
3710
3710
3710 3725 3805 4526
3710
3710
3712
3712
3712
3713
3713
3713
3714
3714
3714
3715
3715
3718
3718
3718
3718
3718
3719
3719
3719
3720
3720
3721
3721
3722
3723
3723
3723 4100
3723
3723
3723
3723
3724
3724
3724
3724
3724
3724
3724
3724
3724
3724
3724
3727
3727
3728
3728
3729
3729
3729 4163
3729 4364
3729 3775
3729
3729
3730
3730
3730
3730 3804
3730
3731
3731
3731
3731
3732
3732
3732
3732
3732
3732
3732
3732
3732
3733
3734
3734
3734
3734
3734
3734
3735
3736
3737
3738
3738
3738
3739
3740
3743
3744
3745
3745
3745
3745
3745
3746
3746
3747
3747
3749
3750
3750
3752
3752
3753
3753
3753
3753
3753
3753
3753
3753
3753
3754
3755
3755
3755
3755
3755
3756
3757
3758
3758
3758
3758
3758
3760
3760
3760
3760
3761
3761
3762 4312
3762
3762
3762
3762
3762
3762
3762
3763
3763
3763
3763
3763
3763
3763
3763
3763
3764
3764
3764
3766 3925 4292
3767
3767
3767
3767
3767
3767
3768
3768
3769
3769
3770
3771 3905 3908 3955
3771
3771
3771
3771
3772
3773
3773
3773
3775
3775
3775
3775
3775
3775
3776
3777
3777
3778
3779
3779
3779
3779
3780
3781
3782
3783
3784
3786
3787 4158
3788
3788
3789 3874
3789
3789
3789
3790
3791
3792
3792
3792
3792
3792
3792
3792
3793
3794
3795 4180
3795
3795
3795
3795
3795
3796
3797
3798
3799
3799
3800
3801
3802
3802
3802
3802
3803
3803
3803
3803
3803
3804
3804
3804
3804
3804
3804
3805
3805
3805
3805
3806
3807
3807
3807
3808
3810
3810
3810
3810
3810
3810
3810
3810
3810
3810
3810
3811
3811
3812
3812 3963
3813
3814
3814
3814
3815
3816
3816
3817
3818
3820
3821
3822
3823
3823
3823
3824
3825
3825
3827
3828
3828
3828
3828
3828
3828
3828
3828
3829
3829
3829
3829
3829
3829
3830
3830
3831
3832
3833
3834
3836
3837
3838
3839
3840
3842
3843
3843
3844 4516
3844
3845
3847
3847
3847
3847
3847
3847
3847
3848
3848
3848
3848
3848
3848
3848
3849
3849 4232
3849
3850
3850
3850
3850
3850
3851
3852
3852
3852
3852
3852
3852
3852
3852
3853
3853
3853 4001
3854
3854
3854
3854
3855
3855
3855
3855
3855
3855
3855
3856
3856
3856
3857
3857
3858
3859
3860
3860
3860
3860
3860
3860
3862
3862
3862
3863
3863
3863
3864
3865 4150
3865
3866
3867
3867
3867
3867
3867
3867
3867
3867
3867
3867
3868
3868
3869
3869
3869
3870
3870
3870
3871
3872
3873
3874
3874
3874
3874
3874
3874 4414
3874
3875
3875
3876
3876
3876
3877
3877
3877
3878
3878
3879 3976 4062
3879
3881
3881
3881
3882
3882 3948
3883
3883
3883
3883
3883
3884
3884
3886 4332
3886
3886
3886
3887
3888
3890
3891
3892
3893
3893
3893
3895
3896
3899
3899
3900
3900
3900
3900
3900
3900
3900
3900
3900
3900
3901
3901
3901
3901
3901
3901
3901
3902
3902
3902
3904 4430
3904
3904
3905
3905
3905
3906
3906
3907
3907 4144 4171
3908
3908
3908
3909
3910
3910 4141
3911
3912
3912
3912
3913
3914
3917
3922
3923
3923
3924
3925
3926
3927
3928
3928
3928
3929
3930
3930
3930
3931
3931
3931
3931
3931
3931
3933
3935
3936
3939
3939
3939
3939
3939
3939
3939
3939
3939
3939
3939
3939
3939
3940
3940
3940
3940
3940
3941
3942
3942
3943
3943
3943
3945
3945 4216
3945
3945
3945
3945
3945
3945
3945
3945
3947
3948
3948
3948
3948
3948
3948
3948
3948
3948
3950
3950
3950
3951
3951
3951
3951
3952
3952
3953
3953
3954
3954
3954
3954
3954
3954
3954
3954
3954
3954
3954
3955
3955
3955
3955
3955
3955
3955
3955
3957
3958
3959
3961
3965
3967
3967
3967
3967
3969
3970
3971
3971
3972
3972
3973
3973
3974
3974
3974
3974
3975
3975
3976
3976
3976
3976
3976
3977
3977
3977
3977
3977
3978
3978
3978
3978
3978
3979
3979
3979
3979
3979
3979
3980
3980
3981
3982
3983
3984
3984
3984
3984
3984
3984
3985
3985
3985
3986
3987
3987 3988
3989
3989
3989
3989
3989 4240
3990
3991
3991
3992
3993
3994
3994
3994
3994
3994
3994
3994
3995
3995
3995
3995
3995
3995
3995
3996
3997
3998
4000
4000
4000
4002
4002
4002
4002
4002
4003
4003
4004
4005
4006
4007
4007
4007
4009
4009
4009
4009
4010
4012
4012
4012
4014
4015
4016
4017 4230
4018
4018
4018
4019
4021
4021
4021
4022
4022
4022
4023
4024
4024
4024
4024
4024
4024
4025
4025
4025
4025
4026
4026
4026
4026
4026
4026
4026
4027
4027
4027
4028
4029
4030
4030
4030
4032
4032
4032
4033
4033
4033
4033
4033
4034
4036
4037
4037
4038
4038
4039
4039
4039 4372
4040
4040
4040
4040
4040
4040
4041
4041
4041
4041
4041
4041
4041
4042
4042
4043
4044 4384
4044
4045
4045
4046
4047
4047
4047
4048
4049
4049
4049
4049
4049
4049
4049
4050
4051
4051
4052
4052
4052
4053
4053
4056
4056
4056
4056
4056
4058
4059
4060
4060
4060
4060
4060
4060
4060
4061
4061
4061
4062
4063
4064
4064
4065
4067
4068
4069
4069
4069
4069
4069 4159
4069
4069
4070
4070
4070
4070
4071
4072
4072
4072
4073
4073
4074
4075
4075
4076
4077
4078
4078
4078
4078
4079
4079 4113
4079
4079
4079
4080
4080
4080
4080
4080
4080
4080
4080
4080
4080
4080
4082
4083
4084
4084
4084
4085
4086
4087
4087
4087
4087
4087
4088
4088
4088
4089
4089
4090
4091
4091
4091
4092
4092
4092
4093
4093
4094
4095
4097
4097
4097
4098
4098
4099
4100 4123 4166
4100
4101
4101
4101
4101
4101 4354
4102
4102
4103
4104
4105
4105
4106
4108
4109
4109
4109
4109
4109
4109
4109
4110
4110
4111
4111
4111
4111
4111
4111
4111
4111
4111
4112
4112
4112
4112
4114
4116
4117
4118
4118
4119
4119
4119
4119
4119
4119
4119
4119
4119
4119
4119
4119
4119
4120
4121
4121
4121
4121
4123
4123
4123
4124
4125
4125
4125
4125
4125
4125
4125
4125
4125
4125
4125
4125
4125
4127
4127
4127
4127
4127
4127
4127
4128
4129
4130
4130
4130
4130
4130
4131 4301 4394
4133
4134
4135
4135
4135
4135
4136
4138
4139
4140
4141
4141
4141
4141
4141
4141
4143
4143
4145
4146
4146
4146
4146
4146
4146
4146
4146
4146
4146
4146
4148
4148
4148
4149
4149
4150
4151
4152
4154
4156
4157
4158
4158
4159
4159
4159
4159
4159
4159
4159
4160
4160
4160
4160
4160
4160
4161
4161
4162
4162
4162
4162
4162
4162
4163
4163
4163
4163
4163
4164
4164
4164
4164
4164
4167
4167
4167
4167
4167
4167
4168
4169
4170 4175
4170
4170
4170
4170
4171
4171
4171
4171
4173
4173
4173
4173
4173
4173
4173
4173
4173
4175
4175
4175
4175
4175
4175
4175
4175
4175
4176
4177
4178
4179
4179
4181
4181
4182
4182
4182
4182
4183
4184
4185
4186
4188
4188
4190
4191
4191
4191
4192
4192
4192
4193
4194
4194
4195
4196
4197
4197
4197
4198
4198
4198
4198
4198
4199
4201
4202
4202
4203
4203
4203
4203
4205
4206
4206
4207
4208
4208
4209
4209
4209
4209
4210
4210
4211
4212
4212
4212
4212
4212
4212
4214
4215
4216
4216
4216
4216
4217
4217
4217
4217
4217
4219
4219
4219
4221
4221
4222
4222
4222
4222
4223
4224
4225
4226
4226
4226
4228
4228
4228
4228
4228
4228
4228
4228
4229 4353
4229
4229
4229
4229
4229
4231
4231
4231
4232
4232
4232
4232
4232
4232
4232
4233
4233
4233
4233
4233
4234
4236
4236
4237
4237
4237
4237
4238
4239
4240
4241
4242
4242
4243
4244
4245
4246
4247
4251
4251
4252
4252
4253
4253
4253
4253
4253
4253
4254
4254
4255
4255
4255
4256
4257
4258 4369
4258
4259
4261
4262
4264
4264
4264
4264
4264
4264
4265
4266
4266
4266
4266
4266
4266
4266
4266
4266
4267
4267
4267
4267
4267
4267
4267
4267
4267
4267
4269
4270
4270
4270
4271
4271
4272
4273
4274
4274
4274
4274
4274
4274
4274
4274
4275
4276
4277
4277
4278
4279
4280
4281
4282
4283
4284
4284
4284
4284
4284
4284
4284
4284
4284
4284
4284
4284
4285
4286
4287
4288
4289
4291
4291
4291
4291
4291
4293
4293
4294
4294
4294
4295
4296
4297
4298
4298
4299
4299
4299
4300
4302
4302
4303
4304
4304
4304
4304
4305
4305
4305 4370
4306
4307 4369
4308
4308
4308
4308
4309
4310
4311
4311
4311
4311
4311
4311
4311
4311
4311
4311
4312
4312
4312
4312
4312
4313
4313
4313
4313
4313
4313
4313
4314
4314
4316
4316
4316
4316
4318
4319
4320
4320
4321
4322
4323
4325
4325
4326
4328
4329
4330
4331
4334
4334
4334
4335
4335
4335
4336
4336
4336
4337
4338
4339
4340
4341
4342
4343
4343
4343
4343
4343
4343
4344
4345
4345
4345
4345
4346
4346
4347
4347
4347
4347
4347
4347
4347
4348
4349
4351
4351
4351
4351
4352
4352
4352
4352
4352
4352
4352
4352
4352
4352
4353
4353
4353
4353
4353
4353
4353
4353
4354
4354
4354
4355
4355
4355
4355
4355
4355
4355
4358
4358
4358
4358
4358
4358
4358
4358
4358
4358
4358
4358
4358
4358
4359
4360
4361
4362
4363
4364
4366
4366
4366
4366
4366
4366
4367
4368
4369
4370
4370
4370
4371
4371
4371
4371
4372 4435
4372
4373 4401
4373
4373
4374
4375
4377
4377
4377
4378
4378
4378
4379
4380
4381
4382
4383
4385
4386
4386
4387
4388
4388
4388
4388
4388
4388
4388
4388 4432
4389
4389
4390
4391
4391
4391
4392
4393
4393
4393
4393
4394
4394
4395
4396
4397
4398
4398
4398
4399
4399
4399
4399
4400
4400
4401
4402
4402
4402
4403
4403
4403
4403
4403
4404
4404
4405
4406
4407
4408
4408
4410
4411
4411
4411
4412
4413
4414
4414
4414
4414
4415
4417
4418
4419
4420
4421
4422
4422
4423
4424
4424
4425
4425
4426
4427
4428
4429
4429
4429
4429
4429
4429
4429
4429
4429
4431
4433
4433
4434
4436
4437
4438
4438
4439
4440
4441
4441
4441
4441
4441
4441 4520
4441
4442
4442
4442
4442
4442
4444
4446
4446
4448
4452
4452
4466
4471
4472
4472
4472
4472
4472
4472
4472
4481
4494
4495
4496
4497
4497
4514
4516
4517
4518
4519
4519
4519
4519
4519
4519
4520
4520
4520
4520
4520
4520
4520
4520
4520
4520
4520
4520
4521
4523
4523
4523
4524
4525
4526
4527
4530
4530
4530
4530
4531
4532
4532
4532
4532
4532
4532
4532
4532
4532
4532
4532
4533
4533
4533
4534
4534